19.11.2016 23.00
2448
05 01 11 18 25 35
319 007 030
25.11.2016 23.00
2460
06 18 22 34 40 44
319 007 030
04.12.2016 20.30
2495
14 23 17 24 25 27
319 007 030
05.12.2016 11.30
2497
17 08 12 05 23 34
0
05.12.2016 14.30
2498
17 08 12 05 23 34
0
06.12.2016 20.30
2505
04 06 07 11 23 41
0
06.12.2016 23.30
2506
04 06 07 11 23 41
0
07.12.2016 11.30
2507
04 06 07 11 23 41
0
08.12.2016 11.30
2512
29 36 19 10 17 40
0
09.12.2016 11.30
2517
29 10 25 05 38 42
0
10.12.2016 11.30
2522
08 07 04 11 23 41
0
10.12.2016 14.30
2523
08 07 04 11 23 41
0
10.12.2016 20.30
2525
08 07 04 11 23 41
0
10.12.2016 23.30
2526
08 07 04 11 23 41
0
11.12.2016 11.30
2527
02 01 05 11 16 32
0
11.12.2016 14.30
2528
02 01 05 11 16 32
0
11.12.2016 11.30
2527
05 07 08 10 11 26
0
11.12.2016 14.30
2528
05 07 08 10 11 26
0
11.12.2016 11.30
2527
08 11 06 14 32 41
0
11.12.2016 14.30
2528
08 11 06 14 32 41
0
11.12.2016 11.30
2527
21 10 11 12 07 23
0
11.12.2016 14.30
2528
21 10 11 12 07 23
0
11.12.2016 11.30
2527
11 05 09 01 26 41
0
11.12.2016 14.30
2528
11 05 09 01 26 41
0
11.12.2016 17.30
2529
11 05 09 01 26 41
0
11.12.2016 20.30
2530
21 10 11 12 07 23
0
13.12.2016 14.30
2538
04 07 12 15 17 28
0
17.12.2016 17.30
2559
04 21 15 06 27 38
0
17.12.2016 20.30
2560
04 21 15 06 27 38
0
17.12.2016 23.30
2561
04 21 15 06 27 38
0
19.12.2016 14.30
2567
04 07 08 11 18 26
0
20.12.2016 11.30
2571
06 14 25 31 38 41
0
22.12.2016 11.30
2581
05 08 12 14 21 36
0
24.12.2016 11.30
2591
25 04 06 09 01 29
0
02.01.2017 11.30
2636
04 05 08 11 37 41
0
05.01.2017 11.30
2651
15 10 11 14 06 30
0
06.01.2017 11.30
2656
41 08 11 19 22 06
0
07.01.2017 20.30
2664
12 07 15 21 36 41
0
08.01.2017 11.30
2666
17 14 15 08 21 35
0
09.01.2017 11.30
2671
36 15 17 21 35 04
0
10.01.2017 11.30
2676
10 11 17 18 31 45
0
12.01.2017 11.00
2686
11 04 21 23 25 27
0
12.01.2017 23.00
2687
35 41 17 21 07 14
0
14.01.2017 11.00
2690
01 06 15 22 30 44
0
16.01.2017 23.00
2695
11 07 14 25 27 38
0
17.01.2017 23.00
2697
03 16 21 31 35 41
0
18.01.2017 23.00
2699
06 37 21 22 28 10
0
20.01.2017 23.00
2703
09 42 27 33 35 16
0
21.01.2017 23.00
2705
42 11 19 20 24 03
0
22.01.2017 23.00
2707
07 08 25 35 39 41
0
23.01.2017 23.00
2709
38 20 23 24 19 42
0
24.01.2017 23.00
2711
35 12 19 23 05 41
0
25.01.2017 11.00
2712
14 28 19 07 30 32
0
26.01.2017 23.00
2715
15 38 32 35 18 41
0
27.01.2017 23.00
2717
02 08 14 17 21 36
0
28.01.2017 11.00
2718
37 14 28 35 07 41
0
28.01.2017 23.00
2719
07 14 17 23 26 40
0
29.01.2017 23.00
2721
13 19 27 29 36 42
0
29.01.2017 23.00
2721
23 18 20 07 34 45
0
29.01.2017 23.00
2721
23 15 02 29 36 42
0
29.01.2017 23.00
2721
04 10 17 21 31 36
0
30.01.2017 11.00
2722
03 04 13 21 34 44
0
30.01.2017 11.00
2722
06 08 14 32 44 45
0
31.01.2017 23.00
2725
35 08 11 16 21 06
0
01.02.2017 23.00
2727
02 41 08 17 31 07
0
01.02.2017 23.00
2727
02 41 11 16 39 03
0
02.02.2017 23.00
2729
04 11 12 21 24 42
0
03.02.2017 23.00
2731
31 45 20 25 04 10
0
04.02.2017 23.00
2733
16 10 13 01 17 35
0
05.02.2017 23.00
2735
07 25 11 13 20 04
0
